# Canonical Sea Power Mod Manager order — one token per line (workshop id or local folder).
# Consumed by tools/set-mod-order.ps1. Regenerate via the session that built it.
3380210757
3606134711
3654230227
3768036424
3437105712
3733719765
3760871384
3629144864
3775128499
SEST_Growler_NGJ_MALICE
3606774881
SEST_F-15EX_Revamp
SEST_F-35C_JATM
3607989779
SEST_RAAF_F-35A_JATM
SEST_JMSDF_Mogami
SEST_RAAF_Wedgetail
SEST_Raptor_Squadrons
SEST_Zumwalt_CPS
SEST_TacMap_Colors
3430135740
3394781441
3395022688
3373960386
3461091581
3508275114
3438479626
3432668460
3567256221
3695809489
3575847216
3444379330
3642656500
3426791311
3461044389
3384079999
3505420313
3406985435
3430106996
3417446309
3599752717
3488139470
3390330875
3456859157
3432592449
3594891803
3774859959
3774572038
3417801942
3597650470
3468260539
3403661005
SEST_RAN_Fleet
3630495619
3731208477
3486502935
3378409795
3663564190
3737267013
3433957933
3602046770
3414146266
3459682829
3425450153
3403993583
3652097318
3480965706
3741944366
3524112296
3744475027
3600788156
3746453639
3504168760
3781062859
3499239964
3587877691
3448845252
3636386513
3758320372
3418252667
3508978375
3736147136
3567228449
3503670861
3717610332
3506979898
3591563716
3670643788
3481228992
3526982088
3776340577
3740293822
3722749887
3637954857
3559495372
3590477166
3458148344
3465256032
3416372890
3659742367
3513571010
3716049886
3587091564
3681873198
3774746803
3436170138
3729578404
3433577445
3729579342
3514484654
3392434750
3673250557
3461519690
3455931957
3551676319
3497601759
3451166840
3762023575
3503594612
3434072450
3683253079
3509329205
3673908868
3780118683
3411341227
3715323261
3468959181
3478767194
3373356293
3782020901
3601891050
3408662804
3470643173
3631042692
3629269283
3592460366
SEST_RAAF_Bases
